(base) gleb@Gleb:~$ ipython3
Python 3.7.13 (default, Oct 18 2022, 18:57:03) 
Type 'copyright', 'credits' or 'license' for more information
IPython 7.31.1 -- An enhanced Interactive Python. Type '?' for help.

In [1]: import numpy as np

In [2]: a = np.genfromtxt('/home/gleb/Документы/matrix.csv', delimiter = r'v')

In [3]: a
Out[3]: array([nan, nan, nan, nan, nan, nan, nan, nan, nan, nan])

In [4]: a = np.genfromtxt('/home/gleb/Документы/matrix.csv', delimiter = r'^')

In [5]: a
Out[5]: 
array([[163., 148.,  17., 166.,  99., 175., 154.,  58., 198., 184.],
       [ 31.,  40., 132.,  66.,  12., 199.,  60., 160., 127.,  54.],
       [126.,  31.,  89., 175., 126.,  53.,  47.,  29., 195.,  54.],
       [ 60.,   8., 105., 193., 107.,   0., 162., 163., 199., 149.],
       [ 39., 121.,  59., 107.,  19.,  91., 165., 129., 126., 170.],
       [ 26.,   4., 164.,  20.,  40., 181.,  85., 159., 176., 178.],
       [107., 178., 125., 119., 145.,  97., 173., 124.,  31., 104.],
       [170., 117.,  15.,  87., 141., 105.,  12., 161., 190., 159.],
       [ 98., 192.,  73.,  15., 144., 185.,  35.,  17., 123.,  37.],
       [102., 133., 195.,  13., 191.,  60.,  42.,  44.,  73., 197.]])

In [6]: b = np.eye(10)

In [7]: b
Out[7]: 
array([[1., 0., 0., 0., 0., 0., 0., 0., 0., 0.],
       [0., 1., 0., 0., 0., 0., 0., 0., 0., 0.],
       [0., 0., 1., 0., 0., 0., 0., 0., 0., 0.],
       [0., 0., 0., 1., 0., 0., 0., 0., 0., 0.],
       [0., 0., 0., 0., 1., 0., 0., 0., 0., 0.],
       [0., 0., 0., 0., 0., 1., 0., 0., 0., 0.],
       [0., 0., 0., 0., 0., 0., 1., 0., 0., 0.],
       [0., 0., 0., 0., 0., 0., 0., 1., 0., 0.],
       [0., 0., 0., 0., 0., 0., 0., 0., 1., 0.],
       [0., 0., 0., 0., 0., 0., 0., 0., 0., 1.]])

In [8]: c = np.dot(a,b)

In [9]: c
Out[9]: 
array([[163., 148.,  17., 166.,  99., 175., 154.,  58., 198., 184.],
       [ 31.,  40., 132.,  66.,  12., 199.,  60., 160., 127.,  54.],
       [126.,  31.,  89., 175., 126.,  53.,  47.,  29., 195.,  54.],
       [ 60.,   8., 105., 193., 107.,   0., 162., 163., 199., 149.],
       [ 39., 121.,  59., 107.,  19.,  91., 165., 129., 126., 170.],
       [ 26.,   4., 164.,  20.,  40., 181.,  85., 159., 176., 178.],
       [107., 178., 125., 119., 145.,  97., 173., 124.,  31., 104.],
       [170., 117.,  15.,  87., 141., 105.,  12., 161., 190., 159.],
       [ 98., 192.,  73.,  15., 144., 185.,  35.,  17., 123.,  37.],
       [102., 133., 195.,  13., 191.,  60.,  42.,  44.,  73., 197.]])

In [10]: np.savetxt('/home/gleb/Документы/matrix2.csv',c)

